634
131
264
938
376
441
28
318
933
671
517
218
704
593
292
261
878
884
403
915
773
785
217
437
646
876
753
386
398
760
685
27
837
20
67
193
965
214
964
635
633
359
598
832
958
783
694
242
407
633
113
261
293
181
340
404
783
246
263
23
162
994
880
228
569
650
155
210
480
458
820
375
204
586
286
294
716
358
837
533
999
97
702
654
952
88
564
704
691
906
748
860
552
619
253
934
716
684
476
314
951
608
460
829
238
850
198
241
385
850
624
656
798
162
309
954
554
342
212
367
802
376
742
854
916
943
869
978
364
810
831
367
440
134
708
140
252
854
258
796
829
154
783
473
451
959
503
937
691
623
331
390
151
279
948
449
785
56
838
836
544
601
85
420
849
28
433
985
487
667
667
823
967
876
180
825
526
189
47
631
134
784
676
57
753
133
905
825
866
987
992
92
939
977
20
81
650
715
939
287
246
131
872
155
282
621
350
174
63
97
434
154
763
425
553
482
714
153
35
166
289
396
712
479
225
325
428
905
11
131
43
599
494
207
532
178
541
630
902
858
846
446
15
272
177
94
917
156
543
279
768
225
252
363
575
854
911
94
903
438
287
635
628
693
937
389
937
659
179
188
826
85
395
835
83
401
272
271
893
6
643
217
791
180
8
779
642
558
95
627
564
634
848
37
96
120
943
110
651
274
338
573
216
13
925
437
732
886
473
309
404
527
227
17
137
870
92
188
253
864
752
719
23
735
471
958
716
263
141
378
223
247
297
70
181
415
256
271
985
596
259
809
714
367
117
752
568
617
478
886
248
317
187
62
252
279
257
85
913
661
827
205
34
717
637
23
779
725
584
804
171
28
612
615
475
450
240
799
751
669
521
384
830
705
759
878
80
38
837
360
461
639
656
582
586
917
718
861
101
611
319
139
256
600
79
953
897
498
879
724
32
999
870
390
797
912
586
251
339
901
360
587
821
308
761
140
673
21
682
756
8
725
424
374
486
903
100
996
314
314
