89087251
44050601
41683756
19801033
36937644
21626176
80848272
82847717
91380670
73389510
73812612
59681378
60235789
44619483
84231995
95437029
58991214
75742753
46244070
94896700
25247709
38006585
37821184
67038246
88133421
41291116
90445828
86100435
42839307
79022662
85810360
25108895
74372363
92521430
26324688
73288522
45198994
25796196
10163825
36570454
34390904
76050172
55428589
75950081
91485738
35654117
24627345
19989449
88912587
18997309
52346637
77102549
64665907
39771871
70881518
25894007
24674483
71520368
26709453
39907105
74141974
58672996
13114691
22293458
62481281
16984345
90613459
71325390
22775201
77895575
79687138
96119268
77103722
63456488
46896218
79079747
69248841
13392348
56668176
59350149
78675398
12804781
12956672
23307139
32375060
19754597
40579339
89406132
59441975
22353667
89635892
67955367
52278440
75682410
73322228
48060354
87982757
55418105
89923187
91946136
