4002889
2358424
1463066
5915544
3420004
7019985
1593745
7282847
3652752
6856125
2590879
5796499
5616293
3243406
8706213
3525080
2516952
2833357
7630988
7368840
4609758
3069439
1370418
7013650
8129771
5676770
4154392
4398010
2187015
2444882
1604565
7798456
1956446
5468783
2752493
3333852
5219448
4582943
7036315
5118630
5547472
1813551
7482332
3628277
8616114
5301359
9934546
1501043
3231691
4146984
5923478
7730010
5465909
9745917
6854865
3681908
6908079
4133937
1203721
6781599
8866571
1003584
6399105
2173040
2871223
7210620
1238383
8789209
3038046
8677413
2435907
4707323
8237339
4210567
4404161
2516659
2945418
1233144
6943282