7676536374234424
8516804234587839
4176923789632507
9881532950507097
3912164552383682
6303413376894367
7218274989527399
3364338231268246
6900445411048837
6143349853574311
1007742454690444
9777536768011827
4556958255210358
9618451945785034
4954646544411780
3348745513672768
4327652980018086
8566209118184486
6653256212795486
2247518985243897
9649350083284126
1290102795298047
5431995583504434
6970622023329343
7034046214654585
5630797514060294
2763395474893069
6570554649262107
1160367239850131
6363266538396830
1799098058113409
8848361716068638
8146900152709032
2778020425221777
2676014622929369
4769723813443190
9968383389124573
4350516861333307
9772643392428280
6629516975479500
5506038884307366
1394025686114006
2156673587497838
7705629158656440
3416575879957342
1925480514252362
3587134595827237
6666601773628206
1924922464396616
5338805646854479
4525623014859049
2262801565256490
7052240787480898
3029894060722692
7120582995937007
3880461745087554
8966622369553193
8180157282688807
7066368244719387
4457881575634752
7931609465078619
8528026382217054
3402722090287675
1521078630915798
4563950463505788
1742499255618512
4230767080171429
4343108471830977
2120421153791854
2448877577359972
7855267668616576
5238830381743708
3981379618486971
1510718124977391
5592474939831360
2096916249384969
6748437197860986
1468633613697010
3320259659710359
2825712997922232
7206793899913887
2438069954251816
9846453725262359
5810238645447994
8103599068858572
9629135941483866
4295516746880836
9398453236343380
4993099923708247
7115457215333762
9323461068195122
9992286357207496
2265877740355246
7767805669199376
7052023927165479
1993994937997123
9597857223379468
1517495978411499
7757276486879905
1080950910655413
