6448413
3208862
6487383
8664797
3120030
9050279
1779460
2910378
5185429
1638908
2032262
6830580
6598993
3763009
3551472
3601546
9980954
9286119
6719632
6962420
1242506
2528336
2368617
2163681
4319059
7813021
8293134
8266442
7208861
1940157
6258896
1379580
2721106
6655545
2960091
5579141
3982808
8462180
6043465
7893607
4193424
2086812
4100087
9906432
3871533
4274085
6965510
9843402
4169262
2295704
1952517
3507250
3032542
8026991
4426702
9207209
5078882
6761419
9051203
9450416
8959375
5980723
9413814
2216669
8397559
6288526
8197354
1852625
7536532
9486094
6601613
1195739
3094447
3190721
3604336
1283740
2785309
4492846
4920340
9830914
8725251