3657539
9931652
3178038
6434743
5028615
4183426
8981100
9139519
3278594
3232192
8593025
1223850
9975351
3811164
4220715
5701282
8708481
4107368
2268145
7684761
3873475
9162355
2502868
7654207
7163044
6572881
8271621
4655487
6627991
9412000
9488262
3765285
8905849
5294136
3248702
7465091
3714865
4195798
5996440
6939539
3397715
3294854
2395712
4690275
4513537
1645499
4014116
4976216
5590429
9632833
8933524
7146523
1242099
8011997
4805213
1936963
4791299
2563064
9005691
8600871
6883990
4751861
6742613
4916538
1086091
4649355
1275229
1826210
9962793
7148004
7778619
2670364
3889692
7719505
6743202
1077638
8958835
6941698
6682848
2079870
7131846
8591935
5034333
7022525
7460076
3180760
2789409
9141935
8075534
5198939
4506576
6830792
4614344
7555689
5824965
8331541
1916664
7900446
3185696
4698834
8447241
8470200
7522050
1132408
2416006
3840841
3260800
9916174
8759695
6109793
1373699
4215451
3438920
5348086
4362549
7012167
1156612
6752832
1009688
